HST
1 20580U 90037B   26173.68477009  .00005473  00000+0  17108-3 0  9992
2 20580  28.4724  43.0006 0001525 203.6425 156.4101 15.30802244789418
NAVSTAR 43 (USA 132)
1 24876U 97035A   26173.18742406 -.00000025  00000+0  00000+0 0  9998
2 24876  55.9973  98.3798 0102724  57.0269 303.9469  2.00563879212050
ISS (ZARYA)
1 25544U 98067A   26173.73662978  .00008151  00000+0  15395-3 0  9997
2 25544  51.6325 272.6245 0004455 218.9710 141.0958 15.49373286572615
NAVSTAR 46 (USA 145)
1 25933U 99055A   26173.83288721 -.00000099  00000+0  00000+0 0  9995
2 25933  51.4579 295.2217 0106597 175.9284 222.6463  2.00562000195697
TERRA
1 25994U 99068A   26173.84897880  .00000252  00000+0  60347-4 0  9994
2 25994  97.9453 223.1708 0002020 172.1555 303.9588 14.61106688410430
AQUA
1 27424U 02022A   26173.81237367  .00000533  00000+0  11582-3 0  9991
2 27424  98.4279 143.2076 0000900  57.4018  55.8007 14.62164875284099
IRIDIUM 106
1 41917U 17003A   26173.46766422 -.00000010  00000+0 -10788-4 0  9999
2 41917  86.3960  86.3489 0001807  89.2044 270.9359 14.34217489493966
NOAA 20 (JPSS-1)
1 43013U 17073A   26173.64024289  .00000037  00000+0  38289-4 0  9996
2 43013  98.7771 113.0544 0000451 125.7011 234.4207 14.19512605445242
STARLINK-1008
1 44714U 19074B   26173.33906004  .00053469  00000+0  91659-3 0  9994
2 44714  53.1516  44.0507 0002095 161.6172 198.4914 15.50703988365010
STARLINK-1012
1 44718U 19074F   26173.84981259  .00055222  00000+0  93388-3 0  9999
2 44718  53.1560  41.8631 0001992 177.4061 182.6960 15.51072670365084
STARLINK-1017
1 44723U 19074L   26172.37955253  .00029942  00000+0  95018-3 0  9999
2 44723  53.0481  49.8614 0004356  81.8832 278.2662 15.32445178364829